0.000000 0.000000 0.000000 0.000000 0.000000 0.000000 
0.000000 0.000000 0.000000 0.000000 0.000000 0.000000 
0.000000 0.000000 0.000000 0.000000 0.000000 0.000000 
0.000000 0.000000 0.000000 0.000000 0.000000 0.000000 
0.000000 0.000000 0.000000 0.000000 0.000000 0.000000 
0.000000 0.000000 0.000000 0.000000 0.000000 0.000000 
0.000000 0.000000 0.000000 0.000000 0.000000 0.000000 
0.000000 0.000000 0.000000 0.000000 0.000000 0.000000 
0.000000 0.000003 0.000003 0.000003 0.000003 0.000000 
0.000000 0.000000 0.000000 0.000000 0.000000 0.000000 
0.000000 0.000000 0.000000 0.000000 0.000000 0.000000 
0.000000 0.000000 0.000000 0.000000 0.000000 0.000000 
0.000000 0.000000 0.000000 0.000000 0.000000 0.000000 
0.000000 0.000000 0.000000 0.000000 0.000000 0.000000 
0.000000 0.000000 0.000000 0.000000 0.000000 0.000000 
0.000000 166.666667 166.666667 166.666667 166.666667 0.000000 
0.000000 0.000003 0.000003 0.000003 0.000003 0.000000 
0.000000 0.000000 0.000000 0.000000 0.000000 0.000000 
0.000000 0.000000 0.000000 0.000000 0.000000 0.000000 
0.000000 0.000000 0.000000 0.000000 0.000000 0.000000 
0.000000 0.000000 0.000000 0.000000 0.000000 0.000000 
0.000000 0.000000 0.000000 0.000000 0.000000 0.000000 
0.000000 0.000000 0.000000 0.000000 0.000000 0.000000 
0.000000 -13722.222215 -13722.222215 -13722.222215 -13722.222215 0.000000 
0.000000 0.000003 0.000003 0.000003 0.000003 0.000000 
0.000000 0.000000 0.000000 0.000000 0.000000 0.000000 
0.000000 0.000000 0.000000 0.000000 0.000000 0.000000 
0.000000 0.000000 0.000000 0.000000 0.000000 0.000000 
0.000000 0.000000 0.000000 0.000000 0.000000 0.000000 
0.000000 0.000000 0.000000 0.000000 0.000000 0.000000 
-0.000007 -0.000007 -0.000007 -0.000007 -0.000007 -0.000007 
0.000000 1143685.184028 1143685.184028 1143685.184028 1143685.184028 0.000000 
0.000000 0.000003 0.000003 0.000003 0.000003 0.000000 
0.000000 0.000000 0.000000 0.000000 0.000000 0.000000 
0.000000 0.000000 0.000000 0.000000 0.000000 0.000000 
0.000000 0.000000 0.000000 0.000000 0.000000 0.000000 
0.000000 0.000000 0.000000 0.000000 0.000000 0.000000 
-0.000000 -0.000000 0.000000 -0.000000 -0.000000 -0.000000 
0.000565 0.000565 0.000565 0.000565 0.000565 0.000565 
0.000000 -95306931.954675 -95306931.954675 -95306931.954675 -95306931.954675 0.000000 
0.000000 0.000003 0.000003 0.000003 0.000003 0.000000 
0.000000 0.000000 0.000000 0.000000 0.000000 0.000000 
0.000000 0.000000 0.000000 0.000000 0.000000 0.000000 
0.000000 0.000000 0.000000 0.000000 0.000000 0.000000 
0.000000 0.000000 0.000000 0.000000 0.000000 0.000000 
0.000000 0.000000 0.000000 0.000000 0.000000 0.000000 
-0.047088 -0.047088 -0.047088 -0.047088 -0.047088 -0.047088 
0.000000 7942244492.251784 7942244492.251784 7942244492.251784 7942244492.251784 0.000000 
0.000000 0.000003 0.000003 0.000003 0.000003 0.000000 
0.000000 0.000000 0.000000 0.000000 0.000000 0.000000 
0.000000 0.000000 0.000000 0.000000 0.000000 0.000000 
0.000000 0.000000 0.000000 0.000000 0.000000 0.000000 
0.000000 0.000000 0.000000 0.000000 0.000000 0.000000 
-0.000000 -0.000000 0.000000 -0.000000 -0.000000 -0.000000 
3.924034 3.924034 3.924034 3.924034 3.924034 3.924034 
0.000000 -661853707190.055054 -661853707190.055054 -661853707190.055054 -661853707190.055054 0.000000 
0.000000 0.000003 0.000003 0.000003 0.000003 0.000000 
0.000000 0.000000 0.000000 0.000000 0.000000 0.000000 
0.000000 0.000000 0.000000 0.000000 0.000000 0.000000 
0.000000 0.000000 0.000000 0.000000 0.000000 0.000000 
0.000000 0.000000 0.000000 0.000000 0.000000 0.000000 
0.000000 0.000000 0.000000 0.000000 0.000000 0.000000 
-327.002820 -327.002820 -327.002820 -327.002820 -327.002820 -327.002820 
0.000000 55154475571760.695312 55154475571760.695312 55154475571760.695312 55154475571760.695312 0.000000 
0.000000 0.000003 0.000003 0.000003 0.000003 0.000000 
0.000000 0.000000 0.000000 0.000000 0.000000 0.000000 
0.000000 0.000000 0.000000 0.000000 0.000000 0.000000 
0.000000 0.000000 0.000000 0.000000 0.000000 0.000000 
0.000000 0.000000 0.000000 0.000000 0.000000 0.000000 
-0.000000 -0.000000 0.000000 -0.000000 -0.000000 -0.000000 
27250.234966 27250.234966 27250.234967 27250.234967 27250.234966 27250.234966 
0.000000 -4596206295348454.000000 -4596206295348454.000000 -4596206295348454.000000 -4596206295348454.000000 0.000000 
0.000000 0.000003 0.000003 0.000003 0.000003 0.000000 
0.000000 0.000000 0.000000 0.000000 0.000000 0.000000 
0.000000 0.000000 0.000000 0.000000 0.000000 0.000000 
0.000000 0.000000 0.000000 0.000000 0.000000 0.000000 
0.000000 0.000000 0.000000 0.000000 -0.000000 -0.000000 
0.000017 0.000017 -0.000001 0.000016 0.000020 0.000020 
-2270852.912731 -2270852.912731 -2270852.912749 -2270852.912733 -2270852.912729 -2270852.912729 
0.000000 383017191087529408.000000 383017191087529408.000000 383017191087529408.000000 383017191087529408.000000 0.000000 
0.000000 0.000003 0.000003 0.000003 0.000003 0.000000 
0.000000 0.000000 0.000000 0.000000 0.000000 0.000000 
0.000000 0.000000 0.000000 0.000000 0.000000 0.000000 
0.000000 0.000000 0.000000 0.000000 0.000000 0.000000 
0.000000 0.000000 -0.000000 -0.000000 -0.000000 -0.000000 
0.000012 0.000012 -0.001857 -0.002597 -0.001090 -0.001090 
189237742.634434 189237742.634434 189237742.632565 189237742.631826 189237742.633333 189237742.633333 
0.000000 -31918099241335066624.000000 -31918099241335066624.000000 -31918099241335066624.000000 -31918099241335066624.000000 0.000000 
0.000000 0.000003 0.000003 0.000003 0.000003 0.000000 
0.000000 0.000000 0.000000 0.000000 0.000000 0.000000 
0.000000 0.000000 0.000000 0.000000 0.000000 0.000000 
0.000000 0.000000 0.000000 0.000000 0.000000 0.000000 
0.000000 0.000000 -0.000000 0.000000 -0.000000 -0.000000 
0.061011 0.061011 0.235600 0.057809 0.029011 0.029011 
-15769811878.255953 -15769811878.255953 -15769811878.081366 -15769811878.259157 -15769811878.287952 -15769811878.287952 
0.000000 2659841602114667675648.000000 2659841602114667675648.000000 2659841602114667675648.000000 2659841602114667675648.000000 0.000000 
0.000000 0.000003 0.000003 0.000003 0.000003 0.000000 
0.000000 0.000000 0.000000 0.000000 0.000000 0.000000 
0.000000 0.000000 0.000000 0.000000 0.000000 0.000000 
0.000000 0.000000 0.000000 0.000000 0.000000 0.000000 
-0.000000 -0.000000 -0.000000 0.000000 0.000000 0.000000 
19.472808 19.472808 -21.959892 -34.924481 10.125688 10.125688 
1314150989222.144287 1314150989222.144287 1314150989180.711914 1314150989167.747314 1314150989212.797363 1314150989212.797363 
0.000000 -221653466732062218125312.000000 -221653466732062218125312.000000 -221653466732062218125312.000000 -221653466732062218125312.000000 0.000000 
0.000000 0.000003 0.000003 0.000003 0.000003 0.000000 
0.000000 0.000000 0.000000 0.000000 0.000000 0.000000 
0.000000 0.000000 0.000000 0.000000 0.000000 0.000000 
0.000000 0.000000 0.000000 0.000000 0.000000 0.000000 
0.000000 0.000000 0.000001 -0.000000 0.000000 0.000000 
162893.701322 162893.701322 -380442.160935 120117.444144 100804.844520 100804.844520 
-109512582215905.984375 -109512582215905.984375 -109512582759241.843750 -109512582258682.250000 -109512582277994.843750 -109512582277994.843750 
0.000000 18471122218436291349970944.000000 18471122218436291349970944.000000 18471122218436291349970944.000000 18471122218436291349970944.000000 0.000000 
0.000000 0.000003 0.000003 0.000003 0.000003 0.000000 
0.000000 0.000000 0.000000 0.000000 0.000000 0.000000 
0.000000 0.000000 0.000000 0.000000 0.000000 0.000000 
-0.000000 -0.000000 0.000000 -0.000000 -0.000000 -0.000000 
-2.256836 -2.256836 -3.208677 1.758607 -0.929191 -0.929191 
4994729454.102118 4994729454.102118 -3373652324.039845 -6056792007.655447 4435469926.932082 4435469926.932082 
9126053521733110.000000 9126053521733110.000000 9126045153351320.000000 9126042470211590.000000 9126052962473540.000000 9126052962473540.000000 
0.000000 -1539260184100060070840107008.000000 -1539260184100060620595920896.000000 -1539260184100060895473827840.000000 -1539260184100060345718013952.000000 0.000000 
0.000000 0.000003 0.000003 0.000003 0.000003 0.000000 
0.000000 0.000000 0.000000 0.000000 0.000000 0.000000 
0.000000 0.000000 0.000000 0.000000 0.000000 0.000000 
0.029057 0.029057 -0.143295 -0.012574 0.022889 0.022889 
-415273506.065126 -415273506.065126 -631401567.978209 285420298.881618 -252335349.042356 -252335349.042356 
-3866784912806669.500000 -3866784912806669.500000 7613258981372374.000000 -2843797224718729.500000 -902682773516537.375000 -902682773516537.375000 
-764370821638502272.000000 -764370821638502272.000000 -752890779452106624.000000 -763347841492028416.000000 -761406724579158912.000000 -761406724579158912.000000 
0.000000 128271681943876406269156786176.000000 128271681944844609820297265152.000000 128271681943962748718262779904.000000 128271681944126373640661893120.000000 0.000000 
0.000000 0.000003 0.000003 0.000003 0.000003 0.000000 
0.000000 0.000000 0.000000 -0.000000 0.000000 0.000000 
-7.169598 -7.169598 -18.834906 -2.873539 -2.591856 -2.591856 
331957907030.238770 331957907030.238770 -324634648607.633362 238546230599.164429 138923048217.621185 138923048217.621185 
10306987467350034432.000000 10306987467350034432.000000 14379583989819078656.000000 -8960661933337446400.000000 2143137524799581440.000000 2143137524799581440.000000 
6993583840910562557952.000000 6993583840910562557952.000000 -4915008205672508555264.000000 -9360736433108448968704.000000 7382216125219160981504.000000 7382216125219160981504.000000 
6868648019507202228224.000000 6868648019507202228224.000000 -4999205935523450322944.000000 -9210451590973837279232.000000 7476586479065107529728.000000 7476586479065107529728.000000 
0.000000 -10689306249400384247116955910144.000000 -10689307250336750501270665560064.000000 -10689307605411646496242038472704.000000 -10689306198151735337849179865088.000000 0.000000 
0.000000 -38374634.815217 914428229.076726 -8842679.319836 -103985195.946863 0.000000 
-38374634.815220 -38374634.815220 914428229.076723 -8842679.319839 -103985195.946867 -103985195.946867 
21446768730793455616.000000 21446768730793455616.000000 65780172699909455872.000000 4947161829841267712.000000 16293260107832922112.000000 16293260107832922112.000000 
4031027632367143846754123776.000000 4031027632367143846754123776.000000 -12183954994478857480755478528.000000 -1480512724399923588690345984.000000 623629648122683960491769856.000000 623629648122683960491769856.000000 
13656891339205770297050390331392.000000 13656891339205770297050390331392.000000 18400737423422420981182596382720.000000 -11218399535118911078838321545216.000000 4361595059929363410144660029440.000000 4361595059929363410144660029440.000000 
98544759000594820474834255872000.000000 98544759000594820474834255872000.000000 78468383372938162844241965875200.000000 -41805613171267404286475922046976.000000 83929463405464168549190729728.000000 83929463405464168549190729728.000000 
-110098564942630303472123545387008.000000 -110098564942630303472123545387008.000000 -73973233422254535508348087828480.000000 29119320569206495120811123277824.000000 -5530795463727991730159879192576.000000 -5530795463727991730159879192576.000000 
0.000000 -8394203456045122414797568434241536.000000 -5347633747748735236826381007454208.000000 3346505001787384685486597581307904.000000 424345099071583986460980942995456.000000 0.000000 
0.000000 11934156648091822003112441546834706432.000000 83212856998270541004700692628396572672.000000 -1628130257493573238151725761137999872.000000 -24315493125371391077193353203277627392.000000 0.000000 
11934156648091822003112441546834706432.000000 11934156648091822003112441546834706432.000000 83212856998270541004700692628396572672.000000 -1628130257493573238151725761137999872.000000 -24315493125371391077193353203277627392.000000 -24315493125371391077193353203277627392.000000 
1629946276250583910938943508337191579212054528.000000 1629946276250583910938943508337191579212054528.000000 -58881474743964170669012150712484080273556766720.000000 1612374479053266311105431559544348099154542592.000000 -2586810437543836837674866272871673575478657024.000000 -2586810437543836837674866272871673575478657024.000000 
-57088499269396979834137459666571346988527263940608.000000 -57088499269396979834137459666571346988527263940608.000000 345018860005497732385519239309372773397944174903296.000000 52742315695921369603744108721715518800655546318848.000000 -43024885663183136892741184105472774087027309150208.000000 -43024885663183136892741184105472774087027309150208.000000 
-2613224263070899215045986649462943874600325215158272.000000 -2613224263070899215045986649462943874600325215158272.000000 6183029003500134317118116451870963164561463574528000.000000 1664953005262265314625147423557398296911930472792064.000000 -123125028152614721842021964143910868473490652004352.000000 -123125028152614721842021964143910868473490652004352.000000 
-2203970113791140179123881494832656687131672977604608.000000 -2203970113791140179123881494832656687131672977604608.000000 -173044312544738687553867145787884469368862732713984.000000 -4099011067048127080143536161719294962565323138531328.000000 1081271930110777041720926423133668172034504182988800.000000 1081271930110777041720926423133668172034504182988800.000000 
-139810131582241677026899230258728618857936782884864.000000 -139810131582241677026899230258728618857936782884864.000000 146337397119880323742602203999800791292892221014016.000000 -122143441812552097748848949693871442865392959094784.000000 101147463256257256562762615615009595697655072161792.000000 101147463256257256562762615615009595697655072161792.000000 
0.000000 -11790654430102379608503070025606558452325289243443200.000000 12341120490443239507166935282413995465072708421681152.000000 -10300763592858558422720829697970269943620760103813120.000000 8530102734611027653718108700938444902061606086639616.000000 0.000000 
0.000000 2032154982557152951951433494319508233898328901510723912033227572561563153908891648.000000 -5327058113983031093974731125841300746826499186888935334986022102868952957030735282176.000000 -66875030296283242171071347848815195278396128593986182525949411575420258510471954432.000000 129965259291775303823612914730232027142059521371811601701574601984306339368832860160.000000 0.000000 
2032154982557152951951433494319508233898328901510723912033227572561563153908891648.000000 2032154982557152951951433494319508233898328901510723912033227572561563153908891648.000000 -5327058113983031093974731125841300746826499186888935334986022102868952957030735282176.000000 -66875030296283242171071347848815195278396128593986182525949411575420258510471954432.000000 129965259291775303823612914730232027142059521371811601701574601984306339368832860160.000000 129965259291775303823612914730232027142059521371811601701574601984306339368832860160.000000 
4946138567641325382524457402796415182908366364573937703056152054115893101462247431995392.000000 4946138567641325382524457402796415182908366364573937703056152054115893101462247431995392.000000 138736007247220202671352688857845808537830607492594445255165661023528824576236745283076096.000000 -10884993365719554197777958247042104442164697904269105311591024383263802766670407776862208.000000 4700495325256792230727438060531057095180263832350023964161277440921532047230673937760256.000000 4700495325256792230727438060531057095180263832350023964161277440921532047230673937760256.000000 
1932263555472258369424069472242786959044587034530137659630581512507977376304304817012998144.000000 1932263555472258369424069472242786959044587034530137659630581512507977376304304817012998144.000000 11178837947305189924331210174273585072607143036186180559683628331536865048300298819027861504.000000 -1504309662872084045947037072255565600860267450980147289875549212951219293434900629545811968.000000 6845908831295425739062191031115907790147385916024199034676215895376002178079892518731776.000000 6845908831295425739062191031115907790147385916024199034676215895376002178079892518731776.000000 
-6802870620814240355880291192184509987090690907606189432848451101134852290708825712583770112.000000 -6802870620814240355880291192184509987090690907606189432848451101134852290708825712583770112.000000 -1249549287914218856538535782767583781175217634789695363521630499937648671239287551912050688.000000 -5769021331339420654871154900778243672052232979814141517873842024076795233970107219143819264.000000 -288137952684967534023579